   8888882        8887         288888887      288888882           2887    78888888885        8888887    7888888888887    788888887        88888      
 28      787    90 787       7880     0887  7888     8887         7882    787              48     0887            787  7880     0887    58     85    
 18      787  782  787       787       787  287       787       787 84    787              08      787           84    787       787  782       287  
87         48      787                 787            787       287 09    787            787                     84    787       787  787       787  
87         48      787                 787            787     789   84    787            787                   48      787       787  787       787  
87         48      787                80             85      087    84    787 088887     787 8888885           08        487   784    787       787  
87         48      787               789        888887       08     84    7888    780    7888    789         787          7888887       087    0887  
87         48      787              08               85    787      84              787  787       787       787         487   785      1888880 787  
87         48      787            282                 787 80        85              787  787       787       787       787       787            787  
87         48      787          780                   787 888888888888888           787  787       787      84         787       787            787  
 18      787       787         58           287       787           85    787       787  787       787      84         787       787  287      80    
 587     287       787       782            7888     8887           89    7888    784      987   789        88         7888     8887  7888    780    
   8888881    7888888888887  7888888888887    588888885             80      5888888         7888887         80           188888881      5888888      