





                                                                                                    
                                                                                                    
                                                                                                    
                                                                                                    
                                                                                                    
                                                                                                    
                                                                                                    
                                                                                                    
                                                                                                    
                                                                                                    
                                                                                                    
                  78                     87                                        78               
                  78            88    788            788 7888888888888              78              
        78888888  78            488  00   2888885       87                   18888888888888884      
             78   78             78  80   08   88       87                  82              80      
       00    78  28888888887         00   04   40       87                  87             87       
        28   78  00     787          00   00   00       87                      887  888888         
         78 20   07 8  78      8778  00   90   00    78888888887 8 788887         288               
           882  87  8           00   04   09   00       87     78 87             8 78     8         
           87       887         00   40  081   90       87     78 87          788  78   78          
           887      887         00   5888 14   88       87    49  87        882   57 8882           
          8  78     887         00   00   40  885       87    00  87             87  88 78          
         78  78   78 07         00        00            8888  00  87          788  7888  8          
        28    78  28  00        04        88         788     882  87   87   882   280 87  87        
       08        99   08       87788      55        08       87   87   82        87   87  887       
                87     78    787    885                   788      188887     788     87    00      
              787       787           78888888885        08                 885  8888887            
             78          87                                                        788              
                                                                                                    
                                                                                                    
                                                                                                    
                                                                                                    
                                                                                                    
                                                                                                    
                                                                                                    
                                                                                                    
                                                                                                    