                                                                                
                                                                                
          8    777727           77                22                            
          8       18       77777787777 7     8122274222151                      
        278722  87        787         87     8     17                           
          8   08277 752   7  7777 77777      8     8                            
         8877 7 8  8 8           8           8772778777222                      
        708 5  7 78  8    15122778772251     8     88                           
       17 8  7   87  8           8           8    88 8                          
          8 7  27    8           8          8     8   88                        
          8  72   7282        7722         72  722     9877                     
          0        8           78            25                                 
                                                                                
                                                  8    7         87777778       
                                             82   8     8        8      8       
                                             8    8     8        8  77  8       
                                             812228225228        82777728       
                                                  8     8     877778  877778    
                                             8    8     8     8    8  8    8    
                                             8    8     8     87  78  87  78    
                                            2812218121258     877778  877778    
                                                        7     7       7         
                                                                                